670 670 670 670 670 670 670 670 670 733 733 733 733 733 733 670 670 670 670 670 670 670 670 670
729 729 729 729 729 729 729 729 729 802 802 802 802 802 802 729 729 729 729 729 729 729 729 729
804 804 804 804 804 804 804 804 804 885 885 885 885 885 885 804 804 804 804 804 804 804 804 804
898 898 898 898 898 898 898 898 898 988 988 988 988 988 988 898 898 898 898 898 898 898 898 898
1017 1017 1017 1017 1017 1017 1017 1017 1017 1119 1119 1119 1119 1119 1119 1017 1017 1017 1017 1017 1017 1017 1017 1017
1172 1172 1172 1172 1172 1172 1172 1172 1172 1290 1290 1290 1290 1290 1290 1172 1172 1172 1172 1172 1172 1172 1172 1172
1385 1385 1385 1385 1385 1385 1385 1385 1385 1523 1523 1523 1523 1523 1523 1385 1385 1385 1385 1385 1385 1385 1385 1385
1691 1691 1691 1691 1691 1691 1691 1691 1691 1860 1860 1860 1860 1860 1860 1691 1691 1691 1691 1691 1691 1691 1691 1691
2173 2173 600 2173 2173 2173 2173 2173 2173 2391 2391 2391 2391 2391 2391 2173 2173 2173 2173 2173 2173 600 2173 2173
3042 3042 620 3042 3042 3042 3042 3042 3042 3346 3346 3346 3346 3346 3346 3042 3042 3042 3042 3042 3042 620 3042 3042
5069 5069 640 5069 5069 5069 5069 5069 5069 5576 5576 1000 1000 5576 5576 5069 5069 5069 5069 5069 5069 640 5069 5069
5000 5000 660 5000 5000 5000 5000 5000 5000 5500 5500 1030 1030 5500 5500 5000 5000 5000 5000 5000 5000 660 5000 5000
5000 5000 680 5000 5000 5000 5000 5000 5000 5500 5500 1060 1060 5500 5500 5000 5000 5000 5000 5000 5000 680 5000 5000
5000 5000 700 5000 5000 5000 5000 5000 5000 5500 5500 1090 1090 5500 5500 5000 5000 5000 5000 5000 5000 700 5000 5000
5000 5000 720 5000 5000 5000 5000 5000 5000 5500 5500 1120 1120 5500 5500 5000 5000 5000 5000 5000 5000 720 5000 5000
5000 5000 740 5000 5000 5000 5000 5000 5000 5500 5500 5500 5500 5500 5500 5000 5000 5000 5000 5000 5000 740 5000 5000
5000 5000 760 5000 5000 5000 5000 5000 5000 5500 5500 5500 5500 5500 5500 5000 5000 5000 5000 5000 5000 760 5000 5000
5000 5000 780 5000 5000 5000 5000 5000 5000 5500 5500 5500 5500 5500 5500 5000 5000 5000 5000 5000 5000 780 5000 5000
5000 5000 800 5000 5000 5000 5000 5000 5000 5500 5500 5500 5500 5500 5500 5000 5000 5000 5000 5000 5000 800 5000 5000
5000 5000 819 5000 5000 5000 5000 5000 5000 5500 5500 5500 5500 5500 5500 5000 5000 5000 5000 5000 5000 819 5000 5000
5000 5000 5000 5000 5000 5000 5000 5000 5000 5500 5500 5500 5500 5500 5500 5000 5000 5000 5000 5000 5000 5000 5000 5000
5000 5000 5000 5000 5000 5000 5000 5000 5000 5500 5500 5500 5500 5500 5500 5000 5000 5000 5000 5000 5000 5000 5000 5000
5000 5000 5000 5000 5000 5000 5000 5000 5000 5500 5500 5500 5500 5500 5500 5000 5000 5000 5000 5000 5000 5000 5000 5000
5000 5000 5000 5000 5000 5000 5000 5000 5000 5500 5500 5500 5500 5500 5500 5000 5000 5000 5000 5000 5000 5000 5000 5000
